Rating | Percentile (% of users at or below)
-100   	0
-99   	0
-98   	0
-97   	0
-96   	0
-95   	0
-94   	0
-93   	0
-92   	0
-91   	0
-90   	0
-89   	0
-88   	0
-87   	0
-86   	0
-85   	0
-84   	0
-83   	0
-82   	0
-81   	0
-80   	0
-79   	0
-78   	0
-77   	0
-76   	0
-75   	0
-74   	0
-73   	0
-72   	0
-71   	0
-70   	0
-69   	0
-68   	0
-67   	0
-66   	0
-65   	0
-64   	0
-63   	0
-62   	0
-61   	0
-60   	0
-59   	0
-58   	0
-57   	0
-56   	0
-55   	0
-54   	0
-53   	0
-52   	0
-51   	0
-50   	0
-49   	0
-48   	0
-47   	0
-46   	0
-45   	0
-44   	0
-43   	0
-42   	0
-41   	0
-40   	0
-39   	0
-38   	0
-37   	0
-36   	0
-35   	0
-34   	0
-33   	0
-32   	0
-31   	0
-30   	0
-29   	0
-28   	0
-27   	0
-26   	0
-25   	0
-24   	0
-23   	0
-22   	0
-21   	0
-20   	0
-19   	0
-18   	0
-17   	0
-16   	0
-15   	0
-14   	0
-13   	0
-12   	0
-11   	0
-10   	0
-9   	0
-8   	0
-7   	0
-6   	0
-5   	0
-4   	0
-3   	0
-2   	0
-1   	0
0   	0
1   	0
2   	0
3   	0
4   	0
5   	0
6   	0
7   	0
8   	0
9   	0
10   	0
11   	0
12   	0
13   	0
14   	0
15   	0
16   	0
17   	0
18   	0
19   	0
20   	0
21   	0
22   	0
23   	0
24   	0
25   	0
26   	0
27   	0
28   	0
29   	0
30   	0
31   	0
32   	0
33   	0
34   	0
35   	0
36   	0
37   	0
38   	0
39   	0
40   	0
41   	0
42   	0
43   	0
44   	0
45   	0
46   	0
47   	0
48   	0
49   	0
50   	0
51   	0
52   	0
53   	0
54   	0
55   	0
56   	0
57   	0
58   	0
59   	0
60   	0
61   	0
62   	0
63   	0
64   	0
65   	0
66   	0
67   	0
68   	0
69   	0
70   	0
71   	0
72   	0
73   	0
74   	0
75   	0
76   	0
77   	0
78   	0
79   	0
80   	0
81   	0
82   	0
83   	0
84   	0
85   	0
86   	0
87   	0
88   	0
89   	0
90   	0
91   	0
92   	0
93   	0
94   	0
95   	0
96   	0
97   	0
98   	0
99   	0
100   	0
101   	0
102   	0
103   	0
104   	0
105   	0
106   	0
107   	0
108   	0
109   	0
110   	0
111   	0
112   	0
113   	0
114   	0
115   	0
116   	0
117   	0
118   	0
119   	0
120   	0
121   	0
122   	0
123   	0
124   	0
125   	0
126   	0
127   	0
128   	0
129   	0
130   	0
131   	0
132   	0
133   	0
134   	0
135   	0
136   	0
137   	0
138   	0
139   	0
140   	0
141   	0
142   	0
143   	0
144   	0
145   	0
146   	0
147   	0
148   	0
149   	0
150   	0
151   	0
152   	0
153   	0
154   	0
155   	0
156   	0
157   	0
158   	0
159   	0
160   	0
161   	0
162   	0
163   	0
164   	0
165   	0
166   	0
167   	0
168   	0
169   	0
170   	0
171   	0
172   	0
173   	0
174   	0
175   	0
176   	0
177   	0
178   	0
179   	0
180   	0
181   	0
182   	0
183   	0
184   	0
185   	0
186   	0
187   	0
188   	0
189   	0
190   	0
191   	0
192   	0
193   	0
194   	0
195   	0
196   	0
197   	0
198   	0
199   	0
200   	0
201   	0
202   	0
203   	0
204   	0
205   	0
206   	0
207   	0
208   	0
209   	0
210   	0
211   	0
212   	0
213   	0
214   	0
215   	0
216   	0
217   	0
218   	0
219   	0
220   	0
221   	0
222   	0
223   	0
224   	0
225   	0
226   	0
227   	0
228   	0
229   	0
230   	0
231   	0
232   	0
233   	0
234   	0
235   	0
236   	0
237   	0
238   	0
239   	0
240   	0
241   	0
242   	0
243   	0
244   	0
245   	0
246   	0
247   	0
248   	0
249   	0
250   	0
251   	0
252   	0
253   	0
254   	0
255   	0
256   	0
257   	0
258   	0
259   	0
260   	0
261   	0
262   	0
263   	0
264   	0
265   	0
266   	0
267   	0
268   	0
269   	0
270   	0
271   	0
272   	0
273   	0
274   	0
275   	0
276   	0
277   	0
278   	0
279   	0
280   	0
281   	0
282   	0
283   	0
284   	0
285   	0
286   	0
287   	0
288   	0
289   	0
290   	0
291   	0
292   	0
293   	0
294   	0
295   	0
296   	0
297   	0
298   	0
299   	0
300   	0
301   	0
302   	0
303   	0
304   	0
305   	0
306   	0
307   	0
308   	0
309   	0
310   	0
311   	0
312   	0
313   	0
314   	0
315   	0
316   	0
317   	0
318   	0
319   	0
320   	0
321   	0
322   	0
323   	0
324   	0
325   	0
326   	0
327   	0
328   	0
329   	0
330   	0
331   	0
332   	0
333   	0
334   	0
335   	0
336   	0
337   	0
338   	0
339   	0
340   	0
341   	0
342   	0
343   	0
344   	0
345   	0
346   	0
347   	0
348   	0
349   	0
350   	0
351   	0
352   	0
353   	0
354   	0
355   	0
356   	0
357   	0
358   	0
359   	0
360   	0
361   	0
362   	0
363   	0
364   	0
365   	0
366   	0
367   	0
368   	0
369   	0
370   	0
371   	0
372   	0
373   	0
374   	0
375   	0
376   	0
377   	0
378   	0
379   	0
380   	0
381   	0
382   	0
383   	0
384   	0
385   	0
386   	0
387   	0
388   	0
389   	0
390   	0
391   	0
392   	0
393   	0
394   	0
395   	0
396   	0
397   	0
398   	0
399   	0
400   	0
401   	0
402   	0
403   	0
404   	0
405   	0
406   	0
407   	0
408   	0
409   	0
410   	0
411   	0
412   	0
413   	0
414   	0
415   	0
416   	0
417   	0
418   	0
419   	0
420   	0
421   	0
422   	0
423   	0
424   	0
425   	0
426   	0
427   	0
428   	0
429   	0
430   	0
431   	0
432   	0
433   	0
434   	0
435   	0
436   	0
437   	0
438   	0
439   	0
440   	0
441   	0
442   	0
443   	0
444   	0
445   	0
446   	0
447   	0
448   	0
449   	0
450   	0
451   	0
452   	0
453   	0
454   	0
455   	0
456   	0
457   	0
458   	0
459   	0
460   	0
461   	0
462   	0
463   	0
464   	0
465   	0
466   	0
467   	0
468   	0
469   	0
470   	0
471   	0
472   	0
473   	0
474   	0
475   	0
476   	0
477   	0
478   	0
479   	0
480   	0
481   	0
482   	0
483   	0
484   	0
485   	0
486   	0
487   	0
488   	0
489   	0
490   	0
491   	0
492   	0
493   	0
494   	0
495   	0
496   	0
497   	0
498   	0
499   	0
500   	0
501   	0
502   	0
503   	0
504   	0
505   	0
506   	0
507   	0
508   	0
509   	0
510   	0
511   	0
512   	0
513   	0
514   	0
515   	0
516   	0
517   	0
518   	0
519   	0
520   	0
521   	0
522   	0
523   	0
524   	0
525   	0
526   	0
527   	0
528   	0
529   	0
530   	0
531   	0
532   	0
533   	0
534   	0
535   	0
536   	0
537   	0
538   	0
539   	0
540   	0
541   	0
542   	0
543   	0
544   	0
545   	0
546   	0
547   	0
548   	0
549   	0
550   	0
551   	0
552   	0
553   	0
554   	0
555   	0
556   	0
557   	1
558   	1
559   	1
560   	1
561   	1
562   	1
563   	1
564   	1
565   	1
566   	1
567   	1
568   	1
569   	1
570   	1
571   	1
572   	1
573   	1
574   	1
575   	1
576   	1
577   	1
578   	1
579   	1
580   	1
581   	1
582   	1
583   	1
584   	1
585   	1
586   	1
587   	1
588   	1
589   	1
590   	1
591   	1
592   	1
593   	1
594   	1
595   	1
596   	1
597   	1
598   	1
599   	1
600   	1
601   	1
602   	1
603   	1
604   	1
605   	1
606   	1
607   	1
608   	1
609   	1
610   	1
611   	1
612   	1
613   	1
614   	1
615   	1
616   	1
617   	1
618   	1
619   	2
620   	2
621   	2
622   	2
623   	2
624   	2
625   	2
626   	2
627   	2
628   	2
629   	2
630   	2
631   	2
632   	2
633   	2
634   	2
635   	2
636   	2
637   	2
638   	2
639   	2
640   	2
641   	2
642   	2
643   	2
644   	2
645   	2
646   	2
647   	2
648   	2
649   	2
650   	2
651   	2
652   	2
653   	2
654   	2
655   	2
656   	2
657   	2
658   	3
659   	3
660   	3
661   	3
662   	3
663   	3
664   	3
665   	3
666   	3
667   	3
668   	3
669   	3
670   	3
671   	3
672   	3
673   	3
674   	3
675   	3
676   	3
677   	3
678   	3
679   	3
680   	3
681   	3
682   	3
683   	3
684   	3
685   	3
686   	3
687   	3
688   	4
689   	4
690   	4
691   	4
692   	4
693   	4
694   	4
695   	4
696   	4
697   	4
698   	4
699   	4
700   	4
701   	4
702   	4
703   	4
704   	4
705   	4
706   	4
707   	4
708   	4
709   	4
710   	4
711   	5
712   	5
713   	5
714   	5
715   	5
716   	5
717   	5
718   	5
719   	5
720   	5
721   	5
722   	5
723   	5
724   	5
725   	5
726   	5
727   	5
728   	5
729   	6
730   	6
731   	6
732   	6
733   	6
734   	6
735   	6
736   	6
737   	6
738   	6
739   	6
740   	6
741   	6
742   	6
743   	6
744   	6
745   	6
746   	7
747   	7
748   	7
749   	7
750   	7
751   	7
752   	7
753   	7
754   	7
755   	7
756   	7
757   	7
758   	7
759   	7
760   	7
761   	8
762   	8
763   	8
764   	8
765   	8
766   	8
767   	8
768   	8
769   	8
770   	8
771   	8
772   	8
773   	8
774   	8
775   	9
776   	9
777   	9
778   	9
779   	9
780   	9
781   	9
782   	9
783   	9
784   	9
785   	9
786   	9
787   	10
788   	10
789   	10
790   	10
791   	10
792   	10
793   	10
794   	10
795   	10
796   	10
797   	10
798   	10
799   	10
800   	11
801   	11
802   	11
803   	11
804   	11
805   	11
806   	11
807   	11
808   	11
809   	11
810   	11
811   	12
812   	12
813   	12
814   	12
815   	12
816   	12
817   	12
818   	12
819   	12
820   	12
821   	12
822   	12
823   	13
824   	13
825   	13
826   	13
827   	13
828   	13
829   	13
830   	13
831   	13
832   	13
833   	13
834   	14
835   	14
836   	14
837   	14
838   	14
839   	14
840   	14
841   	14
842   	14
843   	14
844   	15
845   	15
846   	15
847   	15
848   	15
849   	15
850   	15
851   	15
852   	15
853   	15
854   	16
855   	16
856   	16
857   	16
858   	16
859   	16
860   	16
861   	16
862   	16
863   	16
864   	17
865   	17
866   	17
867   	17
868   	17
869   	17
870   	17
871   	17
872   	17
873   	18
874   	18
875   	18
876   	18
877   	18
878   	18
879   	18
880   	18
881   	18
882   	19
883   	19
884   	19
885   	19
886   	19
887   	19
888   	19
889   	19
890   	19
891   	20
892   	20
893   	20
894   	20
895   	20
896   	20
897   	20
898   	20
899   	20
900   	21
901   	21
902   	21
903   	21
904   	21
905   	21
906   	21
907   	21
908   	21
909   	22
910   	22
911   	22
912   	22
913   	22
914   	22
915   	22
916   	22
917   	23
918   	23
919   	23
920   	23
921   	23
922   	23
923   	23
924   	23
925   	24
926   	24
927   	24
928   	24
929   	24
930   	24
931   	24
932   	24
933   	24
934   	25
935   	25
936   	25
937   	25
938   	25
939   	25
940   	25
941   	25
942   	26
943   	26
944   	26
945   	26
946   	26
947   	26
948   	26
949   	26
950   	27
951   	27
952   	27
953   	27
954   	27
955   	27
956   	27
957   	27
958   	28
959   	28
960   	28
961   	28
962   	28
963   	28
964   	28
965   	28
966   	29
967   	29
968   	29
969   	29
970   	29
971   	29
972   	29
973   	29
974   	30
975   	30
976   	30
977   	30
978   	30
979   	30
980   	30
981   	30
982   	30
983   	31
984   	31
985   	31
986   	31
987   	31
988   	31
989   	31
990   	31
991   	32
992   	32
993   	32
994   	32
995   	32
996   	32
997   	32
998   	32
999   	33
1000   	33
1001   	33
1002   	33
1003   	33
1004   	33
1005   	33
1006   	33
1007   	34
1008   	34
1009   	34
1010   	34
1011   	34
1012   	34
1013   	34
1014   	34
1015   	34
1016   	35
1017   	35
1018   	35
1019   	35
1020   	35
1021   	35
1022   	35
1023   	35
1024   	36
1025   	36
1026   	36
1027   	36
1028   	36
1029   	36
1030   	36
1031   	37
1032   	37
1033   	37
1034   	37
1035   	37
1036   	37
1037   	37
1038   	37
1039   	38
1040   	38
1041   	38
1042   	38
1043   	38
1044   	38
1045   	38
1046   	38
1047   	39
1048   	39
1049   	39
1050   	39
1051   	39
1052   	39
1053   	39
1054   	39
1055   	40
1056   	40
1057   	40
1058   	40
1059   	40
1060   	40
1061   	40
1062   	40
1063   	41
1064   	41
1065   	41
1066   	41
1067   	41
1068   	41
1069   	41
1070   	41
1071   	41
1072   	42
1073   	42
1074   	42
1075   	42
1076   	42
1077   	42
1078   	42
1079   	42
1080   	43
1081   	43
1082   	43
1083   	43
1084   	43
1085   	43
1086   	43
1087   	43
1088   	43
1089   	44
1090   	44
1091   	44
1092   	44
1093   	44
1094   	44
1095   	44
1096   	44
1097   	45
1098   	45
1099   	45
1100   	45
1101   	45
1102   	45
1103   	45
1104   	45
1105   	45
1106   	46
1107   	46
1108   	46
1109   	46
1110   	46
1111   	46
1112   	46
1113   	46
1114   	46
1115   	47
1116   	47
1117   	47
1118   	47
1119   	47
1120   	47
1121   	47
1122   	47
1123   	47
1124   	47
1125   	48
1126   	48
1127   	48
1128   	48
1129   	48
1130   	48
1131   	48
1132   	48
1133   	48
1134   	49
1135   	49
1136   	49
1137   	49
1138   	49
1139   	49
1140   	49
1141   	49
1142   	49
1143   	50
1144   	50
1145   	50
1146   	50
1147   	50
1148   	50
1149   	50
1150   	50
1151   	50
1152   	50
1153   	51
1154   	51
1155   	51
1156   	51
1157   	51
1158   	51
1159   	51
1160   	51
1161   	51
1162   	51
1163   	52
1164   	52
1165   	52
1166   	52
1167   	52
1168   	52
1169   	52
1170   	52
1171   	52
1172   	53
1173   	53
1174   	53
1175   	53
1176   	53
1177   	53
1178   	53
1179   	53
1180   	53
1181   	53
1182   	54
1183   	54
1184   	54
1185   	54
1186   	54
1187   	54
1188   	54
1189   	54
1190   	54
1191   	54
1192   	55
1193   	55
1194   	55
1195   	55
1196   	55
1197   	55
1198   	55
1199   	55
1200   	55
1201   	55
1202   	56
1203   	56
1204   	56
1205   	56
1206   	56
1207   	56
1208   	56
1209   	56
1210   	57
1211   	57
1212   	57
1213   	57
1214   	57
1215   	57
1216   	57
1217   	57
1218   	57
1219   	58
1220   	58
1221   	58
1222   	58
1223   	58
1224   	58
1225   	58
1226   	58
1227   	58
1228   	59
1229   	59
1230   	59
1231   	59
1232   	59
1233   	59
1234   	59
1235   	59
1236   	60
1237   	60
1238   	60
1239   	60
1240   	60
1241   	60
1242   	60
1243   	60
1244   	60
1245   	60
1246   	61
1247   	61
1248   	61
1249   	61
1250   	61
1251   	61
1252   	61
1253   	61
1254   	61
1255   	61
1256   	62
1257   	62
1258   	62
1259   	62
1260   	62
1261   	62
1262   	62
1263   	62
1264   	62
1265   	62
1266   	62
1267   	63
1268   	63
1269   	63
1270   	63
1271   	63
1272   	63
1273   	63
1274   	63
1275   	63
1276   	63
1277   	64
1278   	64
1279   	64
1280   	64
1281   	64
1282   	64
1283   	64
1284   	64
1285   	64
1286   	64
1287   	64
1288   	64
1289   	65
1290   	65
1291   	65
1292   	65
1293   	65
1294   	65
1295   	65
1296   	65
1297   	65
1298   	65
1299   	65
1300   	66
1301   	66
1302   	66
1303   	66
1304   	66
1305   	66
1306   	66
1307   	66
1308   	66
1309   	66
1310   	66
1311   	66
1312   	67
1313   	67
1314   	67
1315   	67
1316   	67
1317   	67
1318   	67
1319   	67
1320   	67
1321   	67
1322   	67
1323   	67
1324   	68
1325   	68
1326   	68
1327   	68
1328   	68
1329   	68
1330   	68
1331   	68
1332   	68
1333   	68
1334   	68
1335   	68
1336   	68
1337   	69
1338   	69
1339   	69
1340   	69
1341   	69
1342   	69
1343   	69
1344   	69
1345   	69
1346   	69
1347   	69
1348   	69
1349   	69
1350   	69
1351   	70
1352   	70
1353   	70
1354   	70
1355   	70
1356   	70
1357   	70
1358   	70
1359   	70
1360   	70
1361   	70
1362   	70
1363   	70
1364   	70
1365   	71
1366   	71
1367   	71
1368   	71
1369   	71
1370   	71
1371   	71
1372   	71
1373   	71
1374   	71
1375   	71
1376   	71
1377   	71
1378   	71
1379   	72
1380   	72
1381   	72
1382   	72
1383   	72
1384   	72
1385   	72
1386   	72
1387   	72
1388   	72
1389   	72
1390   	72
1391   	72
1392   	72
1393   	72
1394   	72
1395   	73
1396   	73
1397   	73
1398   	73
1399   	73
1400   	73
1401   	73
1402   	73
1403   	73
1404   	73
1405   	73
1406   	73
1407   	74
1408   	74
1409   	74
1410   	74
1411   	74
1412   	74
1413   	74
1414   	74
1415   	74
1416   	74
1417   	74
1418   	75
1419   	75
1420   	75
1421   	75
1422   	75
1423   	75
1424   	75
1425   	75
1426   	75
1427   	75
1428   	75
1429   	75
1430   	76
1431   	76
1432   	76
1433   	76
1434   	76
1435   	76
1436   	76
1437   	76
1438   	76
1439   	76
1440   	76
1441   	76
1442   	76
1443   	77
1444   	77
1445   	77
1446   	77
1447   	77
1448   	77
1449   	77
1450   	77
1451   	77
1452   	77
1453   	77
1454   	77
1455   	77
1456   	78
1457   	78
1458   	78
1459   	78
1460   	78
1461   	78
1462   	78
1463   	78
1464   	78
1465   	78
1466   	78
1467   	78
1468   	78
1469   	78
1470   	78
1471   	79
1472   	79
1473   	79
1474   	79
1475   	79
1476   	79
1477   	79
1478   	79
1479   	79
1480   	79
1481   	79
1482   	79
1483   	79
1484   	79
1485   	79
1486   	79
1487   	79
1488   	80
1489   	80
1490   	80
1491   	80
1492   	80
1493   	80
1494   	80
1495   	80
1496   	80
1497   	80
1498   	80
1499   	80
1500   	80
1501   	80
1502   	80
1503   	80
1504   	80
1505   	81
1506   	81
1507   	81
1508   	81
1509   	81
1510   	81
1511   	81
1512   	81
1513   	81
1514   	81
1515   	81
1516   	81
1517   	81
1518   	81
1519   	81
1520   	81
1521   	81
1522   	81
1523   	81
1524   	81
1525   	82
1526   	82
1527   	82
1528   	82
1529   	82
1530   	82
1531   	82
1532   	82
1533   	82
1534   	82
1535   	82
1536   	82
1537   	82
1538   	82
1539   	82
1540   	82
1541   	82
1542   	82
1543   	82
1544   	83
1545   	83
1546   	83
1547   	83
1548   	83
1549   	83
1550   	83
1551   	83
1552   	83
1553   	83
1554   	83
1555   	83
1556   	83
1557   	83
1558   	83
1559   	83
1560   	83
1561   	83
1562   	83
1563   	83
1564   	83
1565   	83
1566   	83
1567   	83
1568   	84
1569   	84
1570   	84
1571   	84
1572   	84
1573   	84
1574   	84
1575   	84
1576   	84
1577   	84
1578   	84
1579   	84
1580   	84
1581   	84
1582   	84
1583   	84
1584   	84
1585   	84
1586   	84
1587   	84
1588   	84
1589   	84
1590   	84
1591   	84
1592   	84
1593   	84
1594   	84
1595   	85
1596   	85
1597   	85
1598   	85
1599   	85
1600   	85
1601   	85
1602   	85
1603   	85
1604   	85
1605   	85
1606   	85
1607   	85
1608   	85
1609   	85
1610   	85
1611   	85
1612   	85
1613   	86
1614   	86
1615   	86
1616   	86
1617   	86
1618   	86
1619   	86
1620   	86
1621   	86
1622   	86
1623   	86
1624   	86
1625   	86
1626   	86
1627   	86
1628   	86
1629   	87
1630   	87
1631   	87
1632   	87
1633   	87
1634   	87
1635   	87
1636   	87
1637   	87
1638   	87
1639   	87
1640   	87
1641   	87
1642   	87
1643   	87
1644   	87
1645   	87
1646   	87
1647   	88
1648   	88
1649   	88
1650   	88
1651   	88
1652   	88
1653   	88
1654   	88
1655   	88
1656   	88
1657   	88
1658   	88
1659   	88
1660   	88
1661   	88
1662   	88
1663   	88
1664   	88
1665   	88
1666   	88
1667   	88
1668   	88
1669   	89
1670   	89
1671   	89
1672   	89
1673   	89
1674   	89
1675   	89
1676   	89
1677   	89
1678   	89
1679   	89
1680   	89
1681   	89
1682   	89
1683   	89
1684   	89
1685   	89
1686   	89
1687   	89
1688   	89
1689   	89
1690   	89
1691   	89
1692   	89
1693   	90
1694   	90
1695   	90
1696   	90
1697   	90
1698   	90
1699   	90
1700   	90
1701   	90
1702   	90
1703   	90
1704   	90
1705   	90
1706   	90
1707   	90
1708   	90
1709   	90
1710   	90
1711   	90
1712   	90
1713   	90
1714   	90
1715   	90
1716   	90
1717   	90
1718   	90
1719   	90
1720   	90
1721   	90
1722   	91
1723   	91
1724   	91
1725   	91
1726   	91
1727   	91
1728   	91
1729   	91
1730   	91
1731   	91
1732   	91
1733   	91
1734   	91
1735   	91
1736   	91
1737   	91
1738   	91
1739   	91
1740   	91
1741   	91
1742   	91
1743   	91
1744   	91
1745   	91
1746   	91
1747   	91
1748   	91
1749   	91
1750   	91
1751   	91
1752   	91
1753   	91
1754   	91
1755   	91
1756   	91
1757   	91
1758   	92
1759   	92
1760   	92
1761   	92
1762   	92
1763   	92
1764   	92
1765   	92
1766   	92
1767   	92
1768   	92
1769   	92
1770   	92
1771   	92
1772   	92
1773   	92
1774   	92
1775   	92
1776   	92
1777   	92
1778   	92
1779   	92
1780   	92
1781   	92
1782   	92
1783   	92
1784   	92
1785   	92
1786   	92
1787   	92
1788   	92
1789   	92
1790   	92
1791   	92
1792   	92
1793   	92
1794   	92
1795   	92
1796   	92
1797   	92
1798   	92
1799   	92
1800   	92
1801   	92
1802   	92
1803   	92
1804   	93
1805   	93
1806   	93
1807   	93
1808   	93
1809   	93
1810   	93
1811   	93
1812   	93
1813   	93
1814   	93
1815   	93
1816   	93
1817   	93
1818   	93
1819   	93
1820   	93
1821   	93
1822   	93
1823   	93
1824   	93
1825   	93
1826   	93
1827   	93
1828   	93
1829   	93
1830   	93
1831   	93
1832   	93
1833   	93
1834   	93
1835   	93
1836   	93
1837   	93
1838   	93
1839   	93
1840   	93
1841   	93
1842   	93
1843   	93
1844   	93
1845   	93
1846   	93
1847   	93
1848   	93
1849   	93
1850   	93
1851   	93
1852   	93
1853   	93
1854   	93
1855   	93
1856   	93
1857   	93
1858   	93
1859   	93
1860   	93
1861   	93
1862   	94
1863   	94
1864   	94
1865   	94
1866   	94
1867   	94
1868   	94
1869   	94
1870   	94
1871   	94
1872   	94
1873   	94
1874   	94
1875   	94
1876   	94
1877   	94
1878   	94
1879   	94
1880   	94
1881   	94
1882   	94
1883   	94
1884   	94
1885   	94
1886   	94
1887   	94
1888   	94
1889   	94
1890   	94
1891   	94
1892   	94
1893   	94
1894   	94
1895   	94
1896   	94
1897   	94
1898   	94
1899   	94
1900   	94
1901   	94
1902   	94
1903   	94
1904   	94
1905   	94
1906   	94
1907   	94
1908   	94
1909   	94
1910   	94
1911   	94
1912   	94
1913   	94
1914   	94
1915   	94
1916   	94
1917   	94
1918   	94
1919   	94
1920   	94
1921   	94
1922   	94
1923   	95
1924   	95
1925   	95
1926   	95
1927   	95
1928   	95
1929   	95
1930   	95
1931   	95
1932   	95
1933   	95
1934   	95
1935   	95
1936   	95
1937   	95
1938   	95
1939   	95
1940   	95
1941   	95
1942   	95
1943   	95
1944   	95
1945   	95
1946   	95
1947   	95
1948   	95
1949   	95
1950   	95
1951   	95
1952   	95
1953   	95
1954   	95
1955   	95
1956   	95
1957   	95
1958   	95
1959   	95
1960   	95
1961   	95
1962   	95
1963   	95
1964   	95
1965   	95
1966   	95
1967   	95
1968   	95
1969   	95
1970   	95
1971   	95
1972   	95
1973   	95
1974   	95
1975   	95
1976   	95
1977   	95
1978   	95
1979   	95
1980   	95
1981   	95
1982   	95
1983   	95
1984   	95
1985   	95
1986   	96
1987   	96
1988   	96
1989   	96
1990   	96
1991   	96
1992   	96
1993   	96
1994   	96
1995   	96
1996   	96
1997   	96
1998   	96
1999   	96
2000   	96
2001   	96
2002   	96
2003   	96
2004   	96
2005   	96
2006   	96
2007   	96
2008   	96
2009   	96
2010   	96
2011   	96
2012   	96
2013   	96
2014   	96
2015   	96
2016   	96
2017   	96
2018   	96
2019   	96
2020   	96
2021   	96
2022   	96
2023   	96
2024   	96
2025   	96
2026   	96
2027   	96
2028   	96
2029   	96
2030   	96
2031   	96
2032   	96
2033   	96
2034   	96
2035   	96
2036   	96
2037   	96
2038   	96
2039   	96
2040   	96
2041   	96
2042   	96
2043   	96
2044   	96
2045   	96
2046   	96
2047   	96
2048   	96
2049   	96
2050   	96
2051   	96
2052   	96
2053   	96
2054   	96
2055   	96
2056   	96
2057   	96
2058   	96
2059   	96
2060   	96
2061   	96
2062   	96
2063   	96
2064   	96
2065   	96
2066   	96
2067   	96
2068   	96
2069   	96
2070   	96
2071   	96
2072   	96
2073   	96
2074   	96
2075   	96
2076   	96
2077   	96
2078   	96
2079   	96
2080   	96
2081   	96
2082   	96
2083   	96
2084   	96
2085   	96
2086   	96
2087   	96
2088   	96
2089   	96
2090   	96
2091   	96
2092   	96
2093   	96
2094   	96
2095   	96
2096   	97
2097   	97
2098   	97
2099   	97
2100   	97
2101   	97
2102   	97
2103   	97
2104   	97
2105   	97
2106   	97
2107   	97
2108   	97
2109   	97
2110   	97
2111   	97
2112   	97
2113   	97
2114   	97
2115   	97
2116   	97
2117   	97
2118   	97
2119   	97
2120   	97
2121   	97
2122   	97
2123   	97
2124   	97
2125   	97
2126   	97
2127   	97
2128   	97
2129   	97
2130   	97
2131   	97
2132   	97
2133   	97
2134   	97
2135   	97
2136   	97
2137   	97
2138   	97
2139   	97
2140   	97
2141   	97
2142   	97
2143   	97
2144   	97
2145   	97
2146   	97
2147   	97
2148   	97
2149   	97
2150   	97
2151   	97
2152   	97
2153   	97
2154   	97
2155   	97
2156   	97
2157   	97
2158   	97
2159   	97
2160   	97
2161   	97
2162   	97
2163   	97
2164   	97
2165   	97
2166   	98
2167   	98
2168   	98
2169   	98
2170   	98
2171   	98
2172   	98
2173   	98
2174   	98
2175   	98
2176   	98
2177   	98
2178   	98
2179   	98
2180   	98
2181   	98
2182   	98
2183   	98
2184   	98
2185   	98
2186   	98
2187   	98
2188   	98
2189   	98
2190   	98
2191   	98
2192   	98
2193   	98
2194   	98
2195   	98
2196   	98
2197   	98
2198   	98
2199   	98
2200   	98
2201   	98
2202   	98
2203   	98
2204   	98
2205   	98
2206   	98
2207   	98
2208   	98
2209   	98
2210   	98
2211   	98
2212   	98
2213   	98
2214   	98
2215   	98
2216   	98
2217   	98
2218   	98
2219   	98
2220   	98
2221   	98
2222   	98
2223   	98
2224   	98
2225   	98
2226   	98
2227   	98
2228   	98
2229   	98
2230   	98
2231   	98
2232   	98
2233   	98
2234   	98
2235   	98
2236   	98
2237   	98
2238   	98
2239   	98
2240   	98
2241   	98
2242   	98
2243   	98
2244   	98
2245   	98
2246   	98
2247   	98
2248   	98
2249   	98
2250   	98
2251   	98
2252   	98
2253   	98
2254   	98
2255   	98
2256   	98
2257   	98
2258   	98
2259   	98
2260   	98
2261   	98
2262   	98
2263   	98
2264   	98
2265   	98
2266   	98
2267   	98
2268   	98
2269   	98
2270   	98
2271   	98
2272   	98
2273   	98
2274   	98
2275   	98
2276   	98
2277   	98
2278   	98
2279   	98
2280   	98
2281   	98
2282   	98
2283   	98
2284   	98
2285   	98
2286   	98
2287   	98
2288   	98
2289   	98
2290   	98
2291   	98
2292   	98
2293   	98
2294   	98
2295   	98
2296   	98
2297   	98
2298   	98
2299   	98
2300   	98
2301   	98
2302   	98
2303   	98
2304   	98
2305   	98
2306   	98
2307   	98
2308   	98
2309   	98
2310   	98
2311   	98
2312   	98
2313   	98
2314   	98
2315   	98
2316   	98
2317   	98
2318   	98
2319   	98
2320   	98
2321   	98
2322   	98
2323   	98
2324   	98
2325   	98
2326   	98
2327	99.0
2328	99.0
2329	99.0
2330	99.0
2331	99.0
2332	99.0
2333	99.0
2334	99.0
2335	99.0
2336	99.0
2337	99.0
2338	99.0
2339	99.0
2340	99.0
2341	99.0
2342	99.0
2343	99.0
2344	99.0
2345	99.0
2346	99.0
2347	99.0
2348	99.0
2349	99.0
2350	99.0
2351	99.0
2352	99.0
2353	99.0
2354	99.0
2355	99.0
2356	99.0
2357	99.0
2358	99.0
2359	99.0
2360	99.1
2361	99.1
2362	99.1
2363	99.1
2364	99.1
2365	99.1
2366	99.1
2367	99.1
2368	99.1
2369	99.1
2370	99.1
2371	99.1
2372	99.1
2373	99.1
2374	99.1
2375	99.1
2376	99.1
2377	99.1
2378	99.1
2379	99.1
2380	99.1
2381	99.1
2382	99.1
2383	99.1
2384	99.1
2385	99.1
2386	99.1
2387	99.1
2388	99.1
2389	99.1
2390	99.1
2391	99.1
2392	99.1
2393	99.1
2394	99.1
2395	99.1
2396	99.2
2397	99.2
2398	99.2
2399	99.2
2400	99.2
2401	99.2
2402	99.2
2403	99.2
2404	99.2
2405	99.2
2406	99.2
2407	99.2
2408	99.2
2409	99.2
2410	99.2
2411	99.2
2412	99.2
2413	99.2
2414	99.2
2415	99.2
2416	99.2
2417	99.2
2418	99.2
2419	99.2
2420	99.2
2421	99.2
2422	99.2
2423	99.2
2424	99.2
2425	99.2
2426	99.2
2427	99.2
2428	99.3
2429	99.3
2430	99.3
2431	99.3
2432	99.3
2433	99.3
2434	99.3
2435	99.3
2436	99.3
2437	99.3
2438	99.3
2439	99.3
2440	99.3
2441	99.3
2442	99.3
2443	99.3
2444	99.3
2445	99.3
2446	99.3
2447	99.3
2448	99.3
2449	99.3
2450	99.3
2451	99.3
2452	99.3
2453	99.3
2454	99.3
2455	99.3
2456	99.3
2457	99.3
2458	99.3
2459	99.3
2460	99.4
2461	99.4
2462	99.4
2463	99.4
2464	99.4
2465	99.4
2466	99.4
2467	99.4
2468	99.4
2469	99.4
2470	99.4
2471	99.4
2472	99.4
2473	99.4
2474	99.4
2475	99.4
2476	99.4
2477	99.4
2478	99.4
2479	99.4
2480	99.4
2481	99.4
2482	99.4
2483	99.4
2484	99.4
2485	99.4
2486	99.4
2487	99.4
2488	99.4
2489	99.4
2490	99.4
2491	99.4
2492	99.4
2493	99.4
2494	99.4
2495	99.4
2496	99.4
2497	99.4
2498	99.5
2499	99.5
2500	99.5
2501	99.5
2502	99.5
2503	99.5
2504	99.5
2505	99.5
2506	99.5
2507	99.5
2508	99.5
2509	99.5
2510	99.5
2511	99.5
2512	99.5
2513	99.5
2514	99.5
2515	99.5
2516	99.5
2517	99.5
2518	99.5
2519	99.5
2520	99.5
2521	99.5
2522	99.5
2523	99.5
2524	99.5
2525	99.5
2526	99.5
2527	99.5
2528	99.5
2529	99.5
2530	99.5
2531	99.5
2532	99.5
2533	99.5
2534	99.5
2535	99.5
2536	99.5
2537	99.5
2538	99.5
2539	99.5
2540	99.5
2541	99.5
2542	99.5
2543	99.5
2544	99.5
2545	99.5
2546	99.5
2547	99.5
2548	99.5
2549	99.5
2550	99.5
2551	99.5
2552	99.6
2553	99.6
2554	99.6
2555	99.6
2556	99.6
2557	99.6
2558	99.6
2559	99.6
2560	99.6
2561	99.6
2562	99.6
2563	99.6
2564	99.6
2565	99.6
2566	99.6
2567	99.6
2568	99.6
2569	99.6
2570	99.6
2571	99.6
2572	99.6
2573	99.6
2574	99.6
2575	99.6
2576	99.6
2577	99.6
2578	99.6
2579	99.6
2580	99.6
2581	99.6
2582	99.6
2583	99.6
2584	99.6
2585	99.6
2586	99.6
2587	99.6
2588	99.6
2589	99.6
2590	99.6
2591	99.6
2592	99.6
2593	99.6
2594	99.6
2595	99.6
2596	99.6
2597	99.6
2598	99.6
2599	99.6
2600	99.6
2601	99.6
2602	99.6
2603	99.6
2604	99.6
2605	99.6
2606	99.6
2607	99.6
2608	99.6
2609	99.6
2610	99.6
2611	99.6
2612	99.6
2613	99.6
2614	99.6
2615	99.6
2616	99.6
2617	99.6
2618	99.6
2619	99.7
2620	99.7
2621	99.7
2622	99.7
2623	99.7
2624	99.7
2625	99.7
2626	99.7
2627	99.7
2628	99.7
2629	99.7
2630	99.7
2631	99.7
2632	99.7
2633	99.7
2634	99.7
2635	99.7
2636	99.7
2637	99.7
2638	99.7
2639	99.7
2640	99.7
2641	99.7
2642	99.7
2643	99.7
2644	99.7
2645	99.7
2646	99.7
2647	99.7
2648	99.7
2649	99.7
2650	99.7
2651	99.7
2652	99.7
2653	99.7
2654	99.7
2655	99.7
2656	99.7
2657	99.7
2658	99.7
2659	99.7
2660	99.7
2661	99.7
2662	99.7
2663	99.7
2664	99.7
2665	99.7
2666	99.7
2667	99.7
2668	99.7
2669	99.7
2670	99.7
2671	99.7
2672	99.7
2673	99.7
2674	99.7
2675	99.7
2676	99.7
2677	99.7
2678	99.7
2679	99.7
2680	99.7
2681	99.7
2682	99.7
2683	99.7
2684	99.7
2685	99.7
2686	99.7
2687	99.7
2688	99.7
2689	99.7
2690	99.7
2691	99.7
2692	99.7
2693	99.7
2694	99.7
2695	99.7
2696	99.7
2697	99.7
2698	99.7
2699	99.7
2700	99.7
2701	99.7
2702	99.7
2703	99.7
2704	99.7
2705	99.7
2706	99.7
2707	99.7
2708	99.7
2709	99.7
2710	99.7
2711	99.7
2712	99.7
2713	99.7
2714	99.7
2715	99.7
2716	99.7
2717	99.7
2718	99.7
2719	99.8
2720	99.8
2721	99.8
2722	99.8
2723	99.8
2724	99.8
2725	99.8
2726	99.8
2727	99.8
2728	99.8
2729	99.8
2730	99.8
2731	99.8
2732	99.8
2733	99.8
2734	99.8
2735	99.8
2736	99.8
2737	99.8
2738	99.8
2739	99.8
2740	99.8
2741	99.8
2742	99.8
2743	99.8
2744	99.8
2745	99.8
2746	99.8
2747	99.8
2748	99.8
2749	99.8
2750	99.8
2751	99.8
2752	99.8
2753	99.8
2754	99.8
2755	99.8
2756	99.8
2757	99.8
2758	99.8
2759	99.8
2760	99.8
2761	99.8
2762	99.8
2763	99.8
2764	99.8
2765	99.8
2766	99.8
2767	99.8
2768	99.8
2769	99.8
2770	99.8
2771	99.8
2772	99.8
2773	99.8
2774	99.8
2775	99.8
2776	99.8
2777	99.8
2778	99.8
2779	99.8
2780	99.8
2781	99.8
2782	99.8
2783	99.8
2784	99.8
2785	99.8
2786	99.8
2787	99.8
2788	99.8
2789	99.8
2790	99.8
2791	99.8
2792	99.8
2793	99.8
2794	99.8
2795	99.8
2796	99.8
2797	99.8
2798	99.8
2799	99.8
2800	99.8
2801	99.8
2802	99.8
2803	99.8
2804	99.8
2805	99.8
2806	99.8
2807	99.8
2808	99.8
2809	99.8
2810	99.8
2811	99.8
2812	99.8
2813	99.8
2814	99.8
2815	99.8
2816	99.8
2817	99.8
2818	99.8
2819	99.8
2820	99.8
2821	99.8
2822	99.8
2823	99.8
2824	99.8
2825	99.8
2826	99.8
2827	99.8
2828	99.8
2829	99.8
2830	99.8
2831	99.8
2832	99.8
2833	99.8
2834	99.8
2835	99.8
2836	99.8
2837	99.8
2838	99.8
2839	99.8
2840	99.8
2841	99.8
2842	99.8
2843	99.8
2844	99.8
2845	99.8
2846	99.8
2847	99.8
2848	99.8
2849	99.8
2850	99.8
2851	99.8
2852	99.8
2853	99.8
2854	99.8
2855	99.8
2856	99.8
2857	99.8
2858	99.8
2859	99.8
2860	99.8
2861	99.8
2862	99.8
2863	99.8
2864	99.8
2865	99.8
2866	99.8
2867	99.8
2868	99.8
2869	99.8
2870	99.8
2871	99.8
2872	99.8
2873	99.8
2874	99.8
2875	99.8
2876	99.8
2877	99.8
2878	99.8
2879	99.8
2880	99.8
2881	99.8
2882	99.8
2883	99.9
2884	99.9
2885	99.9
2886	99.9
2887	99.9
2888	99.9
2889	99.9
2890	99.9
2891	99.9
2892	99.9
2893	99.9
2894	99.9
2895	99.9
2896	99.9
2897	99.9
2898	99.9
2899	99.9
2900	99.9
2901	99.9
2902	99.9
2903	99.9
2904	99.9
2905	99.9
2906	99.9
2907	99.9
2908	99.9
2909	99.9
2910	99.9
2911	99.9
2912	99.9
2913	99.91
2914	99.91
2915	99.91
2916	99.91
2917	99.91
2918	99.91
2919	99.91
2920	99.91
2921	99.91
2922	99.91
2923	99.91
2924	99.91
2925	99.91
2926	99.91
2927	99.91
2928	99.91
2929	99.91
2930	99.91
2931	99.91
2932	99.91
2933	99.91
2934	99.91
2935	99.91
2936	99.91
2937	99.91
2938	99.91
2939	99.91
2940	99.91
2941	99.91
2942	99.91
2943	99.91
2944	99.91
2945	99.91
2946	99.91
2947	99.92
2948	99.92
2949	99.92
2950	99.92
2951	99.92
2952	99.92
2953	99.92
2954	99.92
2955	99.92
2956	99.92
2957	99.92
2958	99.92
2959	99.92
2960	99.92
2961	99.92
2962	99.92
2963	99.92
2964	99.92
2965	99.92
2966	99.92
2967	99.92
2968	99.92
2969	99.92
2970	99.92
2971	99.93
2972	99.93
2973	99.93
2974	99.93
2975	99.93
2976	99.93
2977	99.93
2978	99.93
2979	99.93
2980	99.93
2981	99.93
2982	99.93
2983	99.93
2984	99.93
2985	99.93
2986	99.93
2987	99.93
2988	99.93
2989	99.93
2990	99.93
2991	99.93
2992	99.93
2993	99.93
2994	99.93
2995	99.93
2996	99.93
2997	99.93
2998	99.93
2999	99.93
3000	99.93
3001	99.93
3002	99.93
3003	99.93
3004	99.93
3005	99.93
3006	99.93
3007	99.93
3008	99.93
3009	99.93
3010	99.93
3011	99.94
3012	99.94
3013	99.94
3014	99.94
3015	99.94
3016	99.94
3017	99.94
3018	99.94
3019	99.94
3020	99.94
3021	99.94
3022	99.94
3023	99.94
3024	99.94
3025	99.94
3026	99.94
3027	99.94
3028	99.94
3029	99.94
3030	99.94
3031	99.94
3032	99.94
3033	99.94
3034	99.94
3035	99.94
3036	99.94
3037	99.94
3038	99.94
3039	99.94
3040	99.94
3041	99.94
3042	99.94
3043	99.94
3044	99.94
3045	99.94
3046	99.94
3047	99.95
3048	99.95
3049	99.95
3050	99.95
3051	99.95
3052	99.95
3053	99.95
3054	99.95
3055	99.95
3056	99.95
3057	99.95
3058	99.95
3059	99.95
3060	99.95
3061	99.95
3062	99.95
3063	99.95
3064	99.95
3065	99.95
3066	99.95
3067	99.95
3068	99.95
3069	99.95
3070	99.95
3071	99.95
3072	99.95
3073	99.95
3074	99.95
3075	99.95
3076	99.95
3077	99.95
3078	99.95
3079	99.96
3080	99.96
3081	99.96
3082	99.96
3083	99.96
3084	99.96
3085	99.96
3086	99.96
3087	99.96
3088	99.96
3089	99.96
3090	99.96
3091	99.96
3092	99.96
3093	99.96
3094	99.96
3095	99.96
3096	99.96
3097	99.96
3098	99.96
3099	99.96
3100	99.96
3101	99.96
3102	99.96
3103	99.96
3104	99.96
3105	99.96
3106	99.96
3107	99.96
3108	99.96
3109	99.96
3110	99.96
3111	99.96
3112	99.96
3113	99.96
3114	99.96
3115	99.96
3116	99.96
3117	99.96
3118	99.96
3119	99.96
3120	99.96
3121	99.96
3122	99.96
3123	99.96
3124	99.96
3125	99.96
3126	99.96
3127	99.96
3128	99.96
3129	99.96
3130	99.96
3131	99.96
3132	99.96
3133	99.96
3134	99.96
3135	99.96
3136	99.96
3137	99.96
3138	99.96
3139	99.96
3140	99.96
3141	99.96
3142	99.96
3143	99.96
3144	99.96
3145	99.96
3146	99.97
3147	99.97
3148	99.97
3149	99.97
3150	99.97
3151	99.97
3152	99.97
3153	99.97
3154	99.97
3155	99.97
3156	99.97
3157	99.97
3158	99.97
3159	99.97
3160	99.97
3161	99.97
3162	99.97
3163	99.97
3164	99.97
3165	99.97
3166	99.97
3167	99.97
3168	99.97
3169	99.97
3170	99.97
3171	99.97
3172	99.97
3173	99.97
3174	99.97
3175	99.97
3176	99.97
3177	99.97
3178	99.97
3179	99.97
3180	99.97
3181	99.97
3182	99.97
3183	99.97
3184	99.97
3185	99.97
3186	99.97
3187	99.97
3188	99.97
3189	99.97
3190	99.97
3191	99.97
3192	99.97
3193	99.97
3194	99.97
3195	99.97
3196	99.97
3197	99.97
3198	99.97
3199	99.97
3200	99.97
3201	99.97
3202	99.97
3203	99.97
3204	99.97
3205	99.97
3206	99.97
3207	99.97
3208	99.97
3209	99.97
3210	99.97
3211	99.97
3212	99.97
3213	99.97
3214	99.97
3215	99.97
3216	99.97
3217	99.97
3218	99.97
3219	99.97
3220	99.97
3221	99.97
3222	99.97
3223	99.97
3224	99.97
3225	99.97
3226	99.97
3227	99.97
3228	99.97
3229	99.97
3230	99.97
3231	99.97
3232	99.97
3233	99.97
3234	99.97
3235	99.97
3236	99.97
3237	99.97
3238	99.97
3239	99.97
3240	99.97
3241	99.97
3242	99.97
3243	99.97
3244	99.97
3245	99.97
3246	99.97
3247	99.97
3248	99.97
3249	99.97
3250	99.97
3251	99.97
3252	99.97
3253	99.97
3254	99.97
3255	99.97
3256	99.97
3257	99.97
3258	99.97
3259	99.97
3260	99.97
3261	99.97
3262	99.97
3263	99.97
3264	99.97
3265	99.97
3266	99.97
3267	99.97
3268	99.97
3269	99.97
3270	99.97
3271	99.97
3272	99.97
3273	99.97
3274	99.97
3275	99.97
3276	99.97
3277	99.97
3278	99.97
3279	99.97
3280	99.97
3281	99.97
3282	99.97
3283	99.97
3284	99.97
3285	99.97
3286	99.97
3287	99.97
3288	99.97
3289	99.97
3290	99.97
3291	99.97
3292	99.97
3293	99.97
3294	99.97
3295	99.97
3296	99.98
3297	99.98
3298	99.98
3299	99.98
3300	99.98
3301	99.98
3302	99.98
3303	99.98
3304	99.98
3305	99.98
3306	99.98
3307	99.98
3308	99.98
3309	99.98
3310	99.98
3311	99.98
3312	99.98
3313	99.98
3314	99.98
3315	99.98
3316	99.98
3317	99.98
3318	99.98
3319	99.98
3320	99.98
3321	99.98
3322	99.98
3323	99.98
3324	99.98
3325	99.98
3326	99.98
3327	99.98
3328	99.98
3329	99.98
3330	99.98
3331	99.98
3332	99.98
3333	99.98
3334	99.98
3335	99.98
3336	99.98
3337	99.98
3338	99.98
3339	99.98
3340	99.98
3341	99.98
3342	99.98
3343	99.98
3344	99.98
3345	99.98
3346	99.98
3347	99.98
3348	99.98
3349	99.98
3350	99.98
3351	99.98
3352	99.98
3353	99.98
3354	99.98
3355	99.98
3356	99.98
3357	99.98
3358	99.98
3359	99.98
3360	99.98
3361	99.98
3362	99.98
3363	99.98
3364	99.98
3365	99.98
3366	99.98
3367	99.98
3368	99.98
3369	99.98
3370	99.98
3371	99.98
3372	99.98
3373	99.98
3374	99.98
3375	99.98
3376	99.98
3377	99.98
3378	99.98
3379	99.98
3380	99.98
3381	99.98
3382	99.98
3383	99.98
3384	99.98
3385	99.98
3386	99.98
3387	99.98
3388	99.98
3389	99.98
3390	99.98
3391	99.98
3392	99.98
3393	99.98
3394	99.98
3395	99.98
3396	99.98
3397	99.98
3398	99.98
3399	99.98
3400	99.98
3401	99.98
3402	99.98
3403	99.98
3404	99.98
3405	99.98
3406	99.98
3407	99.98
3408	99.98
3409	99.98
3410	99.98
3411	99.98
3412	99.98
3413	99.98
3414	99.98
3415	99.98
3416	99.98
3417	99.98
3418	99.98
3419	99.98
3420	99.98
3421	99.98
3422	99.98
3423	99.98
3424	99.98
3425	99.98
3426	99.98
3427	99.98
3428	99.98
3429	99.98
3430	99.98
3431	99.98
3432	99.98
3433	99.98
3434	99.991
3435	99.991
3436	99.991
3437	99.991
3438	99.991
3439	99.991
3440	99.991
3441	99.991
3442	99.991
3443	99.991
3444	99.991
3445	99.991
3446	99.991
3447	99.991
3448	99.991
3449	99.991
3450	99.991
3451	99.992
3452	99.992
3453	99.992
3454	99.992
3455	99.992
3456	99.992
3457	99.992
3458	99.992
3459	99.992
3460	99.992
3461	99.992
3462	99.992
3463	99.992
3464	99.992
3465	99.992
3466	99.992
3467	99.992
3468	99.992
3469	99.992
3470	99.992
3471	99.992
3472	99.992
3473	99.992
3474	99.992
3475	99.992
3476	99.992
3477	99.992
3478	99.993
3479	99.993
3480	99.993
3481	99.993
3482	99.993
3483	99.993
3484	99.993
3485	99.993
3486	99.993
3487	99.993
3488	99.993
3489	99.993
3490	99.993
3491	99.993
3492	99.993
3493	99.993
3494	99.993
3495	99.993
3496	99.993
3497	99.993
3498	99.993
3499	99.993
3500	99.993
3501	99.993
3502	99.993
3503	99.993
3504	99.993
3505	99.993
3506	99.993
3507	99.993
3508	99.993
3509	99.993
3510	99.993
3511	99.993
3512	99.993
3513	99.993
3514	99.993
3515	99.993
3516	99.993
3517	99.993
3518	99.993
3519	99.993
3520	99.993
3521	99.993
3522	99.993
3523	99.993
3524	99.993
3525	99.993
3526	99.993
3527	99.993
3528	99.993
3529	99.993
3530	99.993
3531	99.993
3532	99.994
3533	99.994
3534	99.994
3535	99.994
3536	99.994
3537	99.994
3538	99.994
3539	99.995
3540	99.995
3541	99.995
3542	99.996
3543	99.996
3544	99.996
3545	99.996
3546	99.996
3547	99.996
3548	99.996
3549	99.996
3550	99.996
3551	99.996
3552	99.996
3553	99.996
3554	99.996
3555	99.996
3556	99.996
3557	99.996
3558	99.996
3559	99.996
3560	99.996
3561	99.997
3562	99.997
3563	99.997
3564	99.997
3565	99.997
3566	99.997
3567	99.997
3568	99.997
3569	99.997
3570	99.997
3571	99.997
3572	99.997
3573	99.997
3574	99.997
3575	99.997
3576	99.997
3577	99.997
3578	99.997
3579	99.997
3580	99.997
3581	99.997
3582	99.997
3583	99.997
3584	99.997
3585	99.997
3586	99.997
3587	99.997
3588	99.997
3589	99.997
3590	99.997
3591	99.997
3592	99.997
3593	99.997
3594	99.997
3595	99.997
3596	99.997
3597	99.997
3598	99.998
3599	99.998
3600	99.998
3601	100
3602	100
3603	100
3604	100
3605	100
3606	100
3607	100
3608	100
3609	100
3610	100
3611	100
3612	100
3613	100
3614	100
3615	100
3616	100
3617	100
3618	100
3619	100
3620	100
3621	100
3622	100
3623	100
3624	100
3625	100
3626	100
3627	100
3628	100
3629	100
3630	100
3631	100
3632	100
3633	100
3634	100
3635	100
3636	100
3637	100
3638	100
3639	100
3640	100
3641	100
3642	100
3643	100
3644	100
3645	100
3646	100
3647	100
3648	100
3649	100
3650	100
3651	100
3652	100
3653	100
3654	100
3655	100
3656	100
3657	100
3658	100
3659	100
3660	100
3661	100
3662	100
3663	100
3664	100
3665	100
3666	100
3667	100
3668	100
3669	100
3670	100
3671	100
3672	100
3673	100
3674	100
3675	100
3676	100
3677	100
3678	100
3679	100
3680	100
3681	100
3682	100
3683	100
3684	100
3685	100
3686	100
3687	100
3688	100
3689	100
3690	100
3691	100
3692	100
3693	100
3694	100
3695	100
3696	100
3697	100
3698	100
3699	100
3700	100